# Created by Octave 3.8.0, Tue Mar 04 09:04:08 2014 CST <sleepwalking@sleepwalking-Latitude-E6230>
# name: EpR_N
# type: matrix
# rows: 1
# columns: 40
 5 5 5 5 5 5 5 5 5 5 5 5 5 5 5 5 5 5 5 5 5 5 5 5 5 5 5 5 5 5 5 5 5 5 5 5 5 5 5 5


# name: EpR_Freq
# type: matrix
# rows: 40
# columns: 5
 150 783.1990190101476 1859.355654286982 3356.172354317827 4327.618134881163
 271.2259917476547 723.5309895530565 1832.91323814581 3372.241791465373 4329.355350786849
 271.2259917476547 723.5309895530565 1775.005602798258 3312.487851876677 4403.811368967828
 271.2259917476547 723.5309895530565 1903.396604808981 3570.874743423248 4335.861835466182
 271.2259917476547 723.5309895530565 1680.317238815348 3604.667668554165 4317.563807843148
 271.2259917476547 723.5309895530565 1675.943654342149 3566.986492160515 4377.761705276554
 271.2259917476547 723.5309895530565 1816.385122173045 3509.464140307759 4363.601452929953
 271.2259917476547 723.5309895530565 1788.938306905972 3431.933626790918 4350.479301518978
 271.2259917476547 723.5309895530565 1669.083026139409 3347.097958629436 4430.865676888468
 271.2259917476547 723.5309895530565 1662.480980375624 3311.993718782412 4503.902429405965
 271.2259917476547 723.5309895530565 1725.798631404757 3263.178886206779 4519.263067843337
 271.2259917476547 723.5309895530565 1724.110401625832 3309.525428465932 4526.49132584053
 271.2259917476547 723.5309895530565 1726.060386184701 3302.882656374071 4578.572064942948
 271.2259917476547 723.5309895530565 1713.310593886501 3285.451514843137 4403.811368967828
 271.2259917476547 723.5309895530565 1713.437669562651 3258.91252600566 4494.853483047485
 271.2259917476547 723.5309895530565 1706.701560637906 3266.527301552104 4521.942485448917
 271.2259917476547 723.5309895530565 1683.489774828686 3298.006244162797 4557.395462993239
 271.2259917476547 723.5309895530565 1692.224385208884 3310.515828845734 4594.944655141959
 271.2259917476547 723.5309895530565 1685.309896299313 3322.637477249417 4553.460607489993
 271.2259917476547 723.5309895530565 1697.740354864088 3344.73303832113 4568.14575165212
 271.2259917476547 723.5309895530565 1710.361003127698 3333.582405364588 4530.161310299307
 271.2259917476547 723.5309895530565 1722.563585765127 3298.028748361439 4432.090763884482
 271.2259917476547 723.5309895530565 1786.743779403175 3159.253643302699 4432.652553423497
 271.2259917476547 723.5309895530565 1704.39055169236 3323.722064552607 4427.374369980451
 271.2259917476547 723.5309895530565 1707.896561447161 3309.065224285971 4473.601545444602
 271.2259917476547 723.5309895530565 1716.606320165735 3279.774898510379 4460.97847999537
 271.2259917476547 723.5309895530565 1718.651943682328 3266.925505316714 4471.393218308835
 271.2259917476547 723.5309895530565 1707.30247181442 3273.272282962421 4483.022167288422
 271.2259917476547 723.5309895530565 1739.764732724534 3261.065792840312 4474.683445784751
 271.2259917476547 723.5309895530565 1796.605843097738 3211.698463769728 4462.287079389404
 271.2259917476547 723.5309895530565 1870.808489156106 3113.250680695088 4459.419489116639
 271.2259917476547 723.5309895530565 1904.679417534127 3334.956277228559 4430.867029117227
 271.2259917476547 723.5309895530565 1691.551451491287 3277.769351982764 4457.76813499365
 271.2259917476547 723.5309895530565 1775.499038910081 3239.933059811787 4433.068293148458
 271.2259917476547 723.5309895530565 1837.735302683975 3216.275122043077 4361.794627445615
 271.2259917476547 723.5309895530565 1871.181676894994 3148.703273541202 4327.025254903176
 271.2259917476547 723.5309895530565 1913.428278215932 3137.597863460546 4274.989662909732
 271.2259917476547 723.5309895530565 1797.474028150134 3283.495141631428 4149.194677894995
 271.2259917476547 723.5309895530565 1797.474028150134 3582.1089560992 4357.269630738933
 271.2259917476547 723.5309895530565 1992.131869492465 3624.699622842713 4344.656204964899


# name: EpR_BandWidth
# type: matrix
# rows: 40
# columns: 5
 300 576 300 405.09 600
 300 576 300 405.09 600
 300 576 300 405.09 600
 300 576 300 583.3295999999999 600
 300 576 300 583.3295999999999 600
 300 576 300 583.3295999999999 600
 300 576 300 583.3295999999999 600
 300 576 300 583.3295999999999 600
 300 576 300 583.3295999999999 600
 300 576 300 583.3295999999999 600
 300 576 300 583.3295999999999 600
 300 576 300 583.3295999999999 600
 300 576 300 583.3295999999999 600
 300 576 300 583.3295999999999 500
 300 576 300 583.3295999999999 500
 300 576 300 583.3295999999999 500
 300 576 300 583.3295999999999 500
 300 576 300 583.3295999999999 500
 300 576 300 583.3295999999999 500
 300 576 300 583.3295999999999 500
 300 576 300 583.3295999999999 500
 300 576 300 583.3295999999999 500
 300 576 300 583.3295999999999 500
 300 576 300 583.3295999999999 500
 300 576 300 583.3295999999999 500
 300 576 300 583.3295999999999 500
 300 576 300 583.3295999999999 500
 300 576 300 583.3295999999999 500
 300 576 300 583.3295999999999 500
 300 576 300 583.3295999999999 500
 300 576 300 583.3295999999999 500
 300 576 300 583.3295999999999 500
 300 576 300 583.3295999999999 500
 300 576 300 583.3295999999999 500
 300 576 300 583.3295999999999 500
 300 576 300 583.3295999999999 500
 300 576 300 583.3295999999999 500
 300 576 360 583.3295999999999 500
 300 576 518.4 486.1079999999999 500
 300 576 518.4 486.1079999999999 500


