# Created by Octave 3.8.0, Tue Mar 04 09:17:05 2014 CST <sleepwalking@sleepwalking-Latitude-E6230>
# name: EpR_N
# type: matrix
# rows: 1
# columns: 45
 5 5 5 5 5 5 5 5 5 5 5 5 5 5 5 5 5 5 5 5 5 5 5 5 5 5 5 5 5 5 5 5 5 5 5 5 5 5 5 5 5 5 5 5 5


# name: EpR_Freq
# type: matrix
# rows: 45
# columns: 5
 150 664.4124078937002 1003.880011074921 3334.956277228559 3992.960162533514
 150 625.1895841755057 949.6710640301663 3323.722064552607 3957.652636980571
 150 625.1895841755057 949.6710640301663 3606.182268976212 4087.648526516411
 150 625.1895841755057 949.6710640301663 3658.646332030145 4204.121638997894
 150 625.1895841755057 949.6710640301663 3323.722064552607 3957.652636980571
 150 625.1895841755057 949.6710640301663 3416.552974840234 4099.795602872516
 150 625.1895841755057 949.6710640301663 3470.306527874497 4198.31336671056
 150 625.1895841755057 949.6710640301663 3418.410428535526 3981.725949857584
 150 625.1895841755057 949.6710640301663 3475.084060086994 4095.889302274485
 150 625.1895841755057 949.6710640301663 3554.016629327602 4139.543579900549
 150 625.1895841755057 949.6710640301663 3574.617127042812 4152.944352649942
 150 625.1895841755057 949.6710640301663 3615.315379571017 4167.10577552886
 150 625.1895841755057 949.6710640301663 3712.856913926994 4101.886281211561
 150 625.1895841755057 949.6710640301663 3688.534446605413 4118.320055249231
 150 625.1895841755057 949.6710640301663 3680.476409692046 4083.31969919121
 150 625.1895841755057 949.6710640301663 3429.644641211456 3981.725949857584
 150 625.1895841755057 949.6710640301663 3533.710897748414 4116.457534169293
 150 625.1895841755057 949.6710640301663 3323.722064552607 3922.345111427607
 150 625.1895841755057 949.6710640301663 3408.940273629613 4109.809869848852
 150 625.1895841755057 949.6710640301663 3476.946792004432 4111.474224077224
 150 625.1895841755057 949.6710640301663 3491.866846300536 4045.294998572476
 150 625.1895841755057 949.6710640301663 3443.617833940732 4000.593827208218
 150 625.1895841755057 949.6710640301663 3459.78579548515 4020.970532490432
 150 625.1895841755057 949.6710640301663 3452.925787429924 4056.678647278236
 150 625.1895841755057 949.6710640301663 3437.453334931133 4035.914683666111
 150 625.1895841755057 949.6710640301663 3323.722064552607 4118.376172783651
 150 625.1895841755057 949.6710640301663 3395.002265539995 4108.664102913653
 150 625.1895841755057 949.6710640301663 3453.877950572381 4146.865047993604
 150 625.1895841755057 949.6710640301663 3446.344262052164 4196.264699109919
 150 625.1895841755057 949.6710640301663 3450.221897065689 4212.116648739704
 150 625.1895841755057 949.6710640301663 3465.142228646625 4187.810165407664
 150 625.1895841755057 949.6710640301663 3466.789719335605 4209.496865142071
 150 625.1895841755057 949.6710640301663 3470.998574416677 4226.561204821423
 150 625.1895841755057 949.6710640301663 3448.424257000242 4230.322800590635
 150 625.1895841755057 949.6710640301663 3466.215600125256 4236.729993467193
 150 625.1895841755057 949.6710640301663 3466.315344963293 4241.195585570968
 150 625.1895841755057 949.6710640301663 3451.141454174288 4283.307060933991
 150 625.1895841755057 949.6710640301663 3494.126847968766 4239.911620201751
 150 625.1895841755057 949.6710640301663 3492.552299901648 4252.099902748428
 150 625.1895841755057 949.6710640301663 3489.488959037991 4272.163988868539
 150 625.1895841755057 949.6710640301663 3534.3149533675 4275.557936845355
 150 625.1895841755057 949.6710640301663 3590.046623103191 4273.494029090645
 150 625.1895841755057 949.6710640301663 3636.011370344278 4274.560356316872
 150 625.1895841755057 949.6710640301663 3625.115737275342 4273.401814737707
 150 625.1895841755057 949.6710640301663 3645.506565365168 4199.767834118089


# name: EpR_BandWidth
# type: matrix
# rows: 45
# columns: 5
 300 480 300 583.3333333333334 347.22
 300 480 300 583.3333333333334 347.22
 300 480 300 583.3333333333334 347.22
 300 480 300 583.3333333333334 347.22
 300 480 300 583.3333333333334 416.664
 300 480 300 583.3333333333334 416.664
 300 480 300 583.3333333333334 416.664
 300 480 300 583.3333333333334 416.664
 300 480 300 583.3333333333334 416.664
 300 480 300 583.3333333333334 416.664
 300 480 300 583.3333333333334 416.664
 300 480 300 583.3333333333334 416.664
 300 480 300 583.3333333333334 416.664
 300 480 300 583.3333333333334 416.664
 300 480 300 583.3333333333334 416.664
 300 480 300 583.3333333333334 416.664
 300 480 300 583.3333333333334 416.664
 300 480 300 583.3333333333334 416.664
 300 480 300 583.3333333333334 416.664
 300 480 300 583.3333333333334 416.664
 300 480 300 583.3333333333334 416.664
 300 480 300 583.3333333333334 416.664
 300 480 300 583.3333333333334 416.664
 300 480 300 583.3333333333334 416.664
 300 480 300 583.3333333333334 416.664
 300 480 300 583.3333333333334 416.664
 300 480 300 583.3333333333334 416.664
 300 480 300 583.3333333333334 416.664
 300 480 300 583.3333333333334 416.664
 300 480 300 583.3333333333334 416.664
 300 480 300 583.3333333333334 416.664
 300 480 300 583.3333333333334 416.664
 300 480 300 583.3333333333334 416.664
 300 480 300 583.3333333333334 416.664
 300 480 300 583.3333333333334 416.664
 300 480 300 583.3333333333334 416.664
 300 480 300 583.3333333333334 416.664
 300 480 300 583.3333333333334 416.664
 300 480 300 583.3333333333334 416.664
 300 480 300 583.3333333333334 416.664
 300 480 300 583.3333333333334 416.664
 300 480 300 583.3333333333334 416.664
 300 480 300 583.3333333333334 416.664
 300 480 300 583.3333333333334 416.664
 300 480 300 583.3333333333334 416.664


