# Created by Octave 3.8.0, Mon Mar 03 20:05:00 2014 CST <sleepwalking@sleepwalking-Latitude-E6230>
# name: EpR_N
# type: matrix
# rows: 1
# columns: 49
 5 5 5 5 5 5 5 5 5 5 5 5 5 5 5 5 5 5 5 5 5 5 5 5 5 5 5 5 5 5 5 5 5 5 5 5 5 5 5 5 5 5 5 5 5 5 5 5 5


# name: EpR_Freq
# type: matrix
# rows: 49
# columns: 5
 150 992.7430650645036 1618.528120270805 3390.335726381569 4285.011105125948
 150 943.8244723524704 1555.058768632451 3391.322380149932 4306.367283032213
 150 935.7498337291237 1497.070799586889 3364.906523250816 4306.791949394211
 150 921.2053732740922 1503.779611050604 3372.12941907051 4277.432390177302
 150 916.2271611630716 1450.253107465849 3421.887484624304 4258.334808628359
 150 924.6729546323896 1437.519608044691 3397.562663157041 4278.364236816612
 150 913.7013256036356 1429.491869008481 3558.035643222187 4310.727892510061
 150 914.7136741439431 1425.040210259395 3509.360096765339 4263.49180810162
 150 908.3498318271221 1451.25172045762 3030.027647453094 4169.497790298247
 150 896.3407221158875 1457.698194748696 3098.539114164939 4161.425269403355
 150 888.2461861800541 1452.859597205039 3018.793434777142 4292.820238503616
 150 874.5736908799598 1598.467975033511 3125.853048288028 4240.824631899186
 150 902.3304278651891 1478.081552167858 3197.601202185559 4244.767653563134
 150 901.1223785665139 1481.902351792206 3310.529474944771 4146.309114673396
 150 916.2048599931016 1497.214133292386 3329.839724049542 4184.655052418158
 150 916.4582803955534 1503.527387561934 3327.476613657725 4186.214322083518
 150 917.126164356193 1502.853608997276 3382.249187920273 4108.509871167608
 150 908.1361372291569 1497.289466919478 3352.405253415298 4107.413324822026
 150 896.5040480070473 1492.281925560432 3343.195103107482 4119.127004555947
 150 900.5148511300939 1480.962210843528 3325.835560849424 4210.436056606841
 150 904.4066655924781 1483.283146208632 3293.95833869612 4164.772189304666
 150 898.6315591159429 1479.696829361896 3361.308875072288 4108.122356095369
 150 900.0654412076834 1459.045505015211 3385.355344031039 4172.399399512663
 150 890.9585751426199 1444.560207893994 3381.421659896157 4247.971564044463
 150 880.4967965826394 1423.191793102563 3370.200241896102 4286.70119630465
 150 884.8279018626538 1484.496884156992 3392.940706380807 4337.365142755078
 150 890.7378882324971 1471.092235445085 3383.550565903858 4403.809034293833
 150 897.1707067624253 1422.613737549673 3375.871326093125 4376.832383736451
 150 894.2181243256105 1420.170083358522 3371.925141539882 4412.585189821017
 150 884.2743653001952 1421.526197383068 3350.029303197894 4411.878997576334
 150 876.6027198629542 1420.9402476262 3367.748388177104 4351.012649798951
 150 872.7028488570413 1419.529992142393 3336.561543569793 4384.350100293069
 150 878.8027544021511 1419.023637751191 3324.962493001052 4417.401966430862
 150 888.5804967382292 1421.048756172236 3323.123548060866 4444.743834398882
 150 905.2437119811376 1431.414514718695 3356.823439190689 4464.446102644429
 150 919.5835105625654 1453.596724987121 3427.220334769544 4456.966632335424
 150 914.8825763597845 1474.280171591027 3482.84350974016 4392.157103748858
 150 913.1758438318199 1481.084855674933 3546.89493297546 4292.795959538348
 150 900.1629447128349 1455.284335135714 3334.956277228559 4317.124251618564
 150 896.2900610132933 1453.694423352198 3410.629503663597 4295.23352549419
 150 881.5969463533396 1445.940921246303 3408.74134273362 4344.764297884746
 150 853.9237082230972 1407.651781718615 3380.514578859639 4390.639931985631
 150 828.8271303480495 1361.797931980753 3394.660707117031 4365.363506615378
 150 818.2903466444277 1335.634919195262 3382.437531357435 4358.519655993426
 150 828.107601212347 1323.002695306068 3366.279765112703 4419.056327026982
 150 853.4337155907774 1374.801901328991 3411.72357938233 4382.150678680137
 150 857.8375146866347 1381.197083208495 3357.108330136698 4433.439172150102
 150 838.5364551324681 1364.571973473563 3343.294211553523 4443.528226929424
 150 830.6332293573056 1359.946221773891 3350.248699605615 4422.101911205079


# name: EpR_BandWidth
# type: matrix
# rows: 49
# columns: 5
 300 576 300 405.09 600
 300 576 300 405.09 600
 300 576 300 405.09 600
 300 576 360 486.1079999999999 600
 300 576 360 486.1079999999999 600
 300 576 360 486.1079999999999 600
 300 576 360 486.1079999999999 600
 300 576 360 486.1079999999999 600
 300 576 360 405.09 600
 300 576 360 405.09 600
 300 576 360 405.09 600
 300 691.1999999999999 300 405.09 600
 300 691.1999999999999 300 405.09 600
 300 691.1999999999999 300 405.09 600
 300 691.1999999999999 300 405.09 600
 300 691.1999999999999 300 405.09 600
 300 691.1999999999999 300 405.09 600
 300 691.1999999999999 300 405.09 600
 300 691.1999999999999 300 405.09 600
 300 691.1999999999999 300 405.09 600
 300 691.1999999999999 300 405.09 600
 300 691.1999999999999 300 405.09 600
 300 691.1999999999999 300 405.09 600
 300 691.1999999999999 300 405.09 600
 300 691.1999999999999 300 405.09 600
 300 691.1999999999999 300 405.09 600
 300 691.1999999999999 300 405.09 600
 300 691.1999999999999 300 405.09 600
 300 691.1999999999999 300 405.09 600
 300 691.1999999999999 300 405.09 600
 300 691.1999999999999 300 405.09 600
 300 691.1999999999999 300 405.09 600
 300 691.1999999999999 300 405.09 600
 300 691.1999999999999 300 405.09 600
 300 691.1999999999999 300 405.09 600
 300 691.1999999999999 300 405.09 600
 300 691.1999999999999 300 405.09 600
 300 691.1999999999999 300 405.09 600
 300 691.1999999999999 300 405.09 600
 300 691.1999999999999 300 405.09 600
 300 691.1999999999999 300 405.09 600
 300 691.1999999999999 300 405.09 600
 300 691.1999999999999 300 405.09 600
 300 691.1999999999999 300 405.09 600
 300 691.1999999999999 300 405.09 600
 300 691.1999999999999 300 405.09 600
 300 691.1999999999999 300 405.09 600
 300 691.1999999999999 300 405.09 600
 300 691.1999999999999 300 405.09 600


