# Created by Octave 3.8.0, Tue Mar 04 09:19:48 2014 CST <sleepwalking@sleepwalking-Latitude-E6230>
# name: EpR_N
# type: matrix
# rows: 1
# columns: 48
 5 5 5 5 5 5 5 5 5 5 5 5 5 5 5 5 5 5 5 5 5 5 5 5 5 5 5 5 5 5 5 5 5 5 5 5 5 5 5 5 5 5 5 5 5 5 5 5


# name: EpR_Freq
# type: matrix
# rows: 48
# columns: 5
 150 719.6046574400767 2553.994457608602 3195.331062541897 4626.890734961456
 150 668.3781525237601 2454.947305809942 3287.564873573935 4861.204313631036
 150 668.3781525237601 2448.622948217885 3098.020320680127 4509.733945626677
 150 668.3781525237601 2358.339188313722 3005.911792896081 4486.522448804854
 150 668.3781525237601 2244.089707847002 2955.261555139928 4472.259441251218
 150 668.3781525237601 2189.209788140249 2850.631758824688 4406.181537779264
 150 668.3781525237601 2182.221141424942 2859.413655475011 4479.864787835155
 150 668.3781525237601 2157.496716510327 2916.372268153749 4558.004586594153
 150 668.3781525237601 2160.144584474712 2940.984480187014 4573.51521025184
 150 668.3781525237601 2177.691292665287 3042.866747654154 4547.674216371407
 150 668.3781525237601 2182.000126262393 2996.732096872496 4550.32896254871
 150 668.3781525237601 2175.373168510096 2989.15756163635 4620.7333433421
 150 668.3781525237601 2188.403402462494 2957.721115218429 4629.301832856532
 150 668.3781525237601 2219.675882634099 2923.800561429125 4588.227132131363
 150 668.3781525237601 2249.149459065847 2981.492623157355 4574.52550826426
 150 668.3781525237601 2255.254879245338 2960.159455657988 4613.132784925389
 150 668.3781525237601 2249.856045388064 2959.058491186613 4723.916282028244
 150 668.3781525237601 2251.68705098268 2993.616327531863 4737.3046875
 150 668.3781525237601 2251.536904452908 2952.140089124584 4734.631360088535
 150 668.3781525237601 2233.182105397369 2976.655293447348 4695.865767398322
 150 668.3781525237601 2233.363203023918 3084.434948232023 4734.532331311219
 150 668.3781525237601 2243.239996399123 3069.738096358804 4706.881585181965
 150 668.3781525237601 2267.024702445836 3074.523342261823 4724.350178586647
 150 668.3781525237601 2255.384257620771 3105.228037549923 4711.469545504811
 150 668.3781525237601 2285.416553385005 3062.450760862106 4719.541378897305
 150 668.3781525237601 2278.917664605773 3082.128475407628 4703.820116267231
 150 668.3781525237601 2282.428338094061 3084.351414975193 4702.505614067706
 150 668.3781525237601 2297.603293279054 3105.176007744494 4677.392408191146
 150 668.3781525237601 2288.734962943432 3128.308565874128 4666.572398076546
 150 668.3781525237601 2307.095458787172 3177.631586317533 4646.161879667505
 150 668.3781525237601 2337.87373847761 3129.22962373614 4628.46466555094
 150 668.3781525237601 2304.918551562169 3141.541919324716 4621.047499305122
 150 668.3781525237601 2295.857102836022 3245.152212017676 4662.023319878989
 150 668.3781525237601 2302.369710881557 3253.432580007784 4717.14778800374
 150 668.3781525237601 2287.129437083701 3272.746115513974 4718.695244512644
 150 668.3781525237601 2279.269495965231 3317.948570040179 4711.468188335269
 150 668.3781525237601 2298.757166698872 3308.25479698284 4729.098278431724
 150 668.3781525237601 2329.090843138686 3255.877209223018 4722.129762569281
 150 668.3781525237601 2342.034424644813 3260.55922634194 4706.790072704798
 150 668.3781525237601 2339.327129820457 3249.251677556128 4690.657430191342
 150 668.3781525237601 2323.674501081402 3259.584178796109 4711.437721936184
 150 668.3781525237601 2340.205580777849 3239.150152119036 4659.914513469923
 150 668.3781525237601 2334.282873036374 3200.664999862864 4631.520444257621
 150 668.3781525237601 2338.219900068263 3200.50970370095 4596.326817982656
 150 668.3781525237601 2340.926680716637 3359.029590105571 4516.150846794734
 150 668.3781525237601 2310.285527545336 3321.472092642218 4547.919302000229
 150 668.3781525237601 2287.043487008881 3275.29676090044 4549.424527787487
 150 668.3781525237601 2270.817425453863 3223.92226995976 4558.490725249464


# name: EpR_BandWidth
# type: matrix
# rows: 48
# columns: 5
 300 400 432 583.332 1036.7834112
 300 400 432 583.332 1036.7834112
 300 400 432 583.332 719.9884800000001
 300 400 432 583.332 719.9884800000001
 300 400 432 583.332 719.9884800000001
 300 400 432 583.332 719.9884800000001
 300 400 432 583.332 719.9884800000001
 300 400 432 583.332 719.9884800000001
 300 400 432 583.332 719.9884800000001
 300 400 432 699.9983999999999 719.9884800000001
 300 400 432 699.9983999999999 719.9884800000001
 300 400 432 699.9983999999999 719.9884800000001
 300 400 432 699.9983999999999 719.9884800000001
 300 400 432 699.9983999999999 719.9884800000001
 300 400 432 699.9983999999999 719.9884800000001
 300 400 432 699.9983999999999 719.9884800000001
 300 400 432 699.9983999999999 719.9884800000001
 300 400 432 699.9983999999999 719.9884800000001
 300 400 432 699.9983999999999 719.9884800000001
 300 400 432 699.9983999999999 719.9884800000001
 300 400 432 699.9983999999999 719.9884800000001
 300 400 432 699.9983999999999 719.9884800000001
 300 400 432 699.9983999999999 719.9884800000001
 300 400 432 699.9983999999999 719.9884800000001
 300 400 432 699.9983999999999 719.9884800000001
 300 400 432 699.9983999999999 719.9884800000001
 300 400 432 699.9983999999999 719.9884800000001
 300 400 432 699.9983999999999 719.9884800000001
 300 400 432 699.9983999999999 719.9884800000001
 300 400 432 699.9983999999999 719.9884800000001
 300 400 432 699.9983999999999 719.9884800000001
 300 400 432 699.9983999999999 719.9884800000001
 300 400 432 699.9983999999999 719.9884800000001
 300 400 432 699.9983999999999 719.9884800000001
 300 400 432 699.9983999999999 719.9884800000001
 300 400 432 699.9983999999999 719.9884800000001
 300 400 432 699.9983999999999 719.9884800000001
 300 400 432 699.9983999999999 719.9884800000001
 300 400 432 699.9983999999999 719.9884800000001
 300 400 432 699.9983999999999 719.9884800000001
 300 400 432 699.9983999999999 719.9884800000001
 300 400 432 699.9983999999999 719.9884800000001
 300 400 432 699.9983999999999 719.9884800000001
 300 400 432 699.9983999999999 719.9884800000001
 300 400 432 699.9983999999999 719.9884800000001
 300 400 432 699.9983999999999 719.9884800000001
 300 400 432 699.9983999999999 719.9884800000001
 300 400 432 699.9983999999999 719.9884800000001


