# Created by Octave 3.8.0, Tue Mar 04 08:55:48 2014 CST <sleepwalking@sleepwalking-Latitude-E6230>
# name: EpR_N
# type: matrix
# rows: 1
# columns: 43
 5 5 5 5 5 5 5 5 5 5 5 5 5 5 5 5 5 5 5 5 5 5 5 5 5 5 5 5 5 5 5 5 5 5 5 5 5 5 5 5 5 5 5


# name: EpR_Freq
# type: matrix
# rows: 43
# columns: 5
 150 621.1876434380899 1764.446169909298 3424.823115585696 4449.08297737709
 306.5335173006036 554.6728461329017 1699.817575852781 3470.434359998205 4251.347054080084
 306.5335173006036 554.6728461329017 1646.478470222953 3381.793041301477 4251.867159312342
 306.5335173006036 554.6728461329017 1580.410195320802 3307.186899216375 4295.381894092991
 306.5335173006036 554.6728461329017 1510.675631463561 3354.806266193402 4351.872574296845
 306.5335173006036 554.6728461329017 1431.245922011957 3408.2366899875 4364.712729586918
 306.5335173006036 554.6728461329017 1391.38113151407 3434.078154640684 4204.805315851212
 306.5335173006036 554.6728461329017 1350.522841304587 3371.462470543624 4326.336301176694
 306.5335173006036 554.6728461329017 1539.087136603553 3337.628291508203 4396.25960396425
 306.5335173006036 554.6728461329017 1462.798061320006 3366.169993338564 4437.730996868957
 306.5335173006036 554.6728461329017 1416.596357428324 3446.260649764528 4386.460561607165
 306.5335173006036 554.6728461329017 1457.237872821716 3406.525633470587 4486.502227104379
 306.5335173006036 554.6728461329017 1386.207198613673 3520.961646958584 4299.23980493038
 306.5335173006036 554.6728461329017 1343.329416471696 3499.324892606706 4238.489176457614
 306.5335173006036 554.6728461329017 1313.208574782543 3445.913132618994 4222.650549366742
 306.5335173006036 554.6728461329017 1281.785021770816 3433.456026547721 4180.743735498344
 306.5335173006036 554.6728461329017 1259.663126526989 3421.539888817222 4179.702550865122
 306.5335173006036 554.6728461329017 1254.984795451453 3450.53659640449 4158.249623985524
 306.5335173006036 554.6728461329017 1245.302573334781 3464.781735568424 4137.870640729438
 306.5335173006036 554.6728461329017 1237.736346717659 3486.147851079183 4163.671375749043
 306.5335173006036 554.6728461329017 1225.788160372205 3518.255376906445 4150.836784575063
 306.5335173006036 554.6728461329017 1218.487876087765 3508.823404148808 4140.152023432907
 306.5335173006036 554.6728461329017 1211.020759974346 3485.67519769199 4104.117372457313
 306.5335173006036 554.6728461329017 1204.444207156942 3493.190026380848 4095.941635747512
 306.5335173006036 554.6728461329017 1202.425254659154 3497.150582748583 4084.872877014278
 306.5335173006036 554.6728461329017 1200.04886640962 3480.478078983219 4073.129525978458
 306.5335173006036 554.6728461329017 1193.77982498228 3478.532991330932 4065.787497655648
 306.5335173006036 554.6728461329017 1180.61033352397 3479.158507819384 4060.949205644598
 306.5335173006036 554.6728461329017 1174.675142421252 3441.958822199508 4111.46819332522
 306.5335173006036 554.6728461329017 1178.22507309884 3417.542141396982 4104.252078073425
 306.5335173006036 554.6728461329017 1189.040392382452 3428.995735377386 4143.431656585968
 306.5335173006036 554.6728461329017 1190.635156505035 3420.616150567719 4158.182581166238
 306.5335173006036 554.6728461329017 1193.903387320157 3450.210871693519 4124.436749968399
 306.5335173006036 554.6728461329017 1197.09585506253 3440.65722660652 4104.974917200853
 306.5335173006036 554.6728461329017 1193.744726005483 3423.835958313675 4108.838123408875
 306.5335173006036 554.6728461329017 1193.890135213722 3419.424708735101 4057.012233973664
 306.5335173006036 554.6728461329017 1191.376883543866 3435.445545686881 4025.459255325858
 306.5335173006036 554.6728461329017 1174.318328657939 3436.908117658608 4105.990371795982
 306.5335173006036 554.6728461329017 1158.976387734865 3426.909494047319 4146.511154403856
 306.5335173006036 554.6728461329017 1145.276091874538 3416.432809498537 4139.732505437061
 306.5335173006036 554.6728461329017 1138.424154769062 3425.228064668345 4091.360596391801
 306.5335173006036 554.6728461329017 1137.402724851585 3401.28474586168 4054.864551277482
 306.5335173006036 554.6728461329017 1133.061489944442 3389.054828828035 4133.14057564114


# name: EpR_BandWidth
# type: matrix
# rows: 43
# columns: 5
 300 576 300 405.09 600
 300 576 300 405.09 500
 300 576 300 405.09 500
 300 576 300 405.09 500
 300 576 300 405.09 500
 300 576 300 405.09 500
 300 576 300 405.09 500
 300 576 300 405.09 500
 300 576 360 405.09 500
 300 576 360 405.09 500
 300 576 360 405.09 500
 300 576 360 405.09 500
 300 576 360 405.09 500
 300 576 360 405.09 500
 300 576 360 405.09 500
 300 576 360 405.09 500
 300 576 360 405.09 500
 300 576 360 405.09 500
 300 576 360 405.09 500
 300 576 360 405.09 500
 300 576 360 405.09 500
 300 576 360 405.09 500
 300 576 360 405.09 500
 300 576 360 405.09 500
 300 576 360 405.09 500
 300 576 360 405.09 500
 300 576 360 405.09 500
 300 576 360 405.09 500
 300 576 360 405.09 500
 300 576 360 405.09 500
 300 576 360 405.09 500
 300 576 360 405.09 500
 300 576 360 405.09 500
 300 576 360 405.09 500
 300 576 360 405.09 500
 300 576 360 405.09 500
 300 576 360 405.09 500
 300 576 360 405.09 500
 300 576 360 405.09 500
 300 576 360 405.09 500
 300 576 360 405.09 500
 300 576 360 405.09 500
 300 576 360 405.09 500


