# Created by Octave 3.8.0, Tue Mar 04 14:50:35 2014 CST <sleepwalking@sleepwalking-Latitude-E6230>
# name: EpR_N
# type: matrix
# rows: 1
# columns: 43
 5 5 5 5 5 5 5 5 5 5 5 5 5 5 5 5 5 5 5 5 5 5 5 5 5 5 5 5 5 5 5 5 5 5 5 5 5 5 5 5 5 5 5


# name: EpR_Freq
# type: matrix
# rows: 43
# columns: 5
 150 586.9519776176547 1770.612818681584 3423.592197196121 4448.771841826708
 150 533.7185523718847 1699.419616202798 3466.385521617417 4350.000506383388
 150 517.197241005136 1625.0911514237 3386.660242058643 4275.996310671082
 150 494.3123505864032 1527.024866140023 3301.351181086198 4307.905989870952
 150 490.9077183764731 1412.52262519904 3346.906401322087 4364.101274223291
 150 500.0276467890544 1315.332489254484 3400.670288838494 4370.520738565321
 150 510.7310297573184 1296.536653974626 3422.111911748713 4288.50485104273
 150 522.6790929836721 1267.596124260671 3370.74044933344 4365.088000461581
 150 538.7028772263164 1307.888298375744 3331.080874782865 4425.718686231856
 150 549.54576079691 1314.574041254145 3356.464219219881 4453.831449938304
 150 549.0752696047483 1329.418887132899 3431.137315138164 4394.98119476096
 150 547.3099336821124 1316.561377594972 3386.181165466965 4492.438280157162
 150 546.8982638786451 1317.351430429988 3496.638128972131 4295.861416522135
 150 547.2108977012642 1332.384810956905 3473.911439432911 4226.674947968725
 150 545.9989338632084 1328.584514007275 3414.952319146229 4206.112077512126
 150 543.8622080769865 1305.934644661225 3405.787939539244 4159.497069495453
 150 549.089856917226 1289.459987829549 3392.182763624498 4159.284065727622
 150 551.7061410146063 1288.421800570631 3429.700170016149 4141.126735984057
 150 546.355426261039 1278.712345836867 3449.145404628813 4112.084596576165
 150 543.9925996646076 1267.896535386338 3474.569570451302 4134.442399726493
 150 544.3560256367939 1248.745870929045 3512.440392687132 4113.983567427048
 150 541.3128777667893 1240.355203065215 3506.264209096371 4119.233832384209
 150 543.7990915123829 1227.045685128631 3502.302912098005 4095.955837472848
 150 546.4453344935002 1220.663958560274 3538.417786841006 4105.116927063711
 150 553.9809948670094 1220.560995568559 3558.632882463501 4105.624818592702
 150 558.8273671444356 1220.189053882694 3518.140854294036 4095.991300000212
 150 562.8535246240251 1210.859554475715 3530.208161140979 4101.7533714311
 150 565.19269494399 1199.207030245443 3532.869203473727 4099.400637666883
 150 568.3805853481649 1191.328710267113 3491.089253320473 4158.08377700641
 150 576.6790103787431 1196.497990256563 3468.575173904235 4147.208230413531
 150 579.8256523567768 1210.161405668688 3487.95871322742 4176.716147588809
 150 578.3644007126519 1206.168324318832 3459.080449535889 4182.018300372807
 150 582.0128227277236 1209.201048310068 3494.814554344171 4140.364075479541
 150 587.2364753637368 1215.732465769043 3471.284283574882 4123.330565490264
 150 585.8200964325989 1210.7218818063 3452.482470144675 4137.004089772335
 150 582.6365651194053 1208.078858197664 3474.383614846904 4087.158885566635
 150 582.8908591470927 1203.269357513369 3502.545159921246 4078.145288778825
 150 587.3589980279786 1186.759365388862 3469.916808641366 4161.920980994287
 150 587.4855767627964 1177.093822562813 3449.280096375442 4192.027479407663
 150 589.8096452949545 1160.772173786133 3439.127687983155 4165.811650118244
 150 597.888758768803 1158.654374287768 3457.008956202591 4111.791164801976
 150 601.4297981113541 1154.230870389832 3435.089224152311 4100.866888404803
 150 599.8724588806182 1142.891814561822 3418.20418302992 4196.136996305254


# name: EpR_BandWidth
# type: matrix
# rows: 43
# columns: 5
 300 576 300 405.09 600
 300 576 300 405.09 600
 300 576 300 405.09 600
 300 576 300 405.09 600
 300 576 300 405.09 600
 300 576 300 405.09 600
 300 576 300 405.09 600
 300 576 300 405.09 600
 300 576 300 405.09 600
 300 576 300 405.09 600
 300 576 300 405.09 600
 300 576 300 405.09 600
 300 576 300 405.09 600
 300 576 300 405.09 600
 300 576 300 405.09 600
 300 576 300 405.09 600
 300 576 300 405.09 600
 300 576 300 405.09 600
 300 576 300 405.09 600
 300 576 300 405.09 600
 300 576 300 405.09 600
 300 576 300 405.09 600
 300 576 300 405.09 600
 300 576 300 405.09 600
 300 576 300 405.09 600
 300 576 300 405.09 600
 300 576 300 405.09 600
 300 576 300 405.09 600
 300 576 300 405.09 600
 300 576 300 405.09 600
 300 576 300 405.09 600
 300 576 300 405.09 600
 300 576 300 405.09 600
 300 576 300 405.09 600
 300 576 300 405.09 600
 300 576 300 405.09 600
 300 576 300 405.09 600
 300 576 300 405.09 600
 300 576 300 405.09 600
 300 576 300 405.09 600
 300 576 300 405.09 600
 300 576 300 405.09 600
 300 576 300 405.09 600


