# Created by Octave 3.8.0, Mon Mar 03 20:08:06 2014 CST <sleepwalking@sleepwalking-Latitude-E6230>
# name: EpR_N
# type: matrix
# rows: 1
# columns: 43
 5 5 5 5 5 5 5 5 5 5 5 5 5 5 5 5 5 5 5 5 5 5 5 5 5 5 5 5 5 5 5 5 5 5 5 5 5 5 5 5 5 5 5


# name: EpR_Freq
# type: matrix
# rows: 43
# columns: 5
 166.9083026139409 377.1485684065015 3206.565275217828 4017.033475410526 4697.505786067363
 166.9083026139409 231.3702438373652 3277.888052720029 3922.707498040312 4737.3046875
 166.9083026139409 176.9083026139409 3261.617429315171 3946.828701463655 4732.43104851097
 166.9083026139409 176.9083026139409 2771.640755906501 3641.489794529154 4567.509896531502
 166.9083026139409 176.9083026139409 2873.124165657633 3583.421461172742 4555.095397546287
 166.9083026139409 176.9083026139409 2967.565664903548 3530.262615618373 4589.509135356499
 166.9083026139409 176.9083026139409 2966.990368514854 3599.694958793052 4585.003194050457
 166.9083026139409 176.9083026139409 2911.051125461492 3719.043770679782 4529.203740034079
 166.9083026139409 176.9083026139409 2939.180522842291 3628.650694328094 4333.196317861922
 166.9083026139409 176.9083026139409 2953.293462570277 3648.339206917577 4395.317563325631
 166.9083026139409 176.9083026139409 3034.698181841198 3556.421555472432 4456.185124202587
 166.9083026139409 176.9083026139409 3065.309560984867 3643.592689310476 4388.96945081864
 166.9083026139409 176.9083026139409 3100.924219702534 3694.744780364395 4392.600432038743
 166.9083026139409 176.9083026139409 3067.041385889162 3802.261665926759 4437.633915927029
 166.9083026139409 176.9083026139409 3164.473033527039 3957.652636980571 4673.43247319035
 166.9083026139409 176.9083026139409 3227.052989495327 3918.382210806968 4730.071770929746
 166.9083026139409 176.9083026139409 3211.370900334786 3970.580899762293 4737.02778412526
 166.9083026139409 176.9083026139409 3173.90037414753 4010.982792387387 4737.3046875
 166.9083026139409 176.9083026139409 3092.120048503324 3991.493644157438 4737.3046875
 166.9083026139409 176.9083026139409 3113.194262767453 3926.291004522448 4737.3046875
 166.9083026139409 176.9083026139409 3099.566342359608 3862.804577627762 4737.3046875
 166.9083026139409 176.9083026139409 3202.29182141714 3764.748222757421 4737.3046875
 166.9083026139409 176.9083026139409 3226.551661182975 3741.629640804494 4737.3046875
 166.9083026139409 176.9083026139409 3215.034184998699 3968.886849656501 4737.3046875
 166.9083026139409 176.9083026139409 3222.81224885486 3976.985917327886 4737.3046875
 166.9083026139409 176.9083026139409 3114.962380647084 4012.232650289323 4737.3046875
 166.9083026139409 176.9083026139409 3172.4564369758 3845.021626307929 4737.3046875
 166.9083026139409 176.9083026139409 3147.385985886938 3677.561732790425 4737.3046875
 166.9083026139409 176.9083026139409 3143.30937059266 3652.724007205084 4737.3046875
 166.9083026139409 176.9083026139409 3158.370956187873 3922.345111427607 4680.465718190477
 166.9083026139409 176.9083026139409 3108.637663114481 3893.528785903608 4717.278977336214
 166.9083026139409 176.9083026139409 3065.985784395021 3964.952212210329 4681.11525005727
 166.9083026139409 176.9083026139409 3091.77646457149 3862.939553229519 4703.26262190194
 166.9083026139409 176.9083026139409 3121.542605661238 3829.980234230361 4692.013492828406
 166.9083026139409 176.9083026139409 3131.85886973275 3813.587108801279 4722.915228544765
 166.9083026139409 176.9083026139409 3147.671791670602 3822.55142932083 4403.811368967828
 166.9083026139409 176.9083026139409 3117.583513401395 3835.776185524401 4423.926295984102
 166.9083026139409 176.9083026139409 3085.349887869546 3864.623848824002 4420.122817706497
 166.9083026139409 176.9083026139409 3162.055124147219 3791.007194495902 4388.639548062917
 166.9083026139409 176.9083026139409 3131.156060526779 3770.544946730947 4412.804479368345
 166.9083026139409 176.9083026139409 3106.887159533401 3783.318489343099 4358.515566717355
 166.9083026139409 176.9083026139409 3084.805127858476 3763.163545997133 4295.402000388311
 166.9083026139409 176.9083026139409 3000.766993664109 3778.991585502833 4264.538205944478


# name: EpR_BandWidth
# type: matrix
# rows: 43
# columns: 5
 300 400 518.4 405.0916666666667 416.66
 300 400 518.4 405.0916666666667 416.66
 300 400 518.4 405.0916666666667 416.66
 300 400 518.4 486.11 499.992
 300 400 518.4 486.11 499.992
 300 400 518.4 486.11 499.992
 300 400 518.4 486.11 499.992
 300 400 518.4 486.11 499.992
 300 400 518.4 486.11 499.992
 300 400 518.4 486.11 499.992
 300 400 518.4 486.11 499.992
 300 400 518.4 486.11 499.992
 300 400 518.4 486.11 499.992
 300 400 518.4 486.11 499.992
 300 400 518.4 486.11 416.66
 300 400 518.4 486.11 416.66
 300 400 518.4 486.11 416.66
 300 400 518.4 486.11 416.66
 300 400 518.4 486.11 416.66
 300 400 518.4 486.11 416.66
 300 400 518.4 486.11 416.66
 300 400 518.4 486.11 416.66
 300 400 518.4 486.11 416.66
 300 400 518.4 486.11 416.66
 300 400 518.4 486.11 416.66
 300 400 518.4 486.11 416.66
 300 400 518.4 486.11 416.66
 300 400 518.4 486.11 416.66
 300 400 518.4 486.11 416.66
 300 400 518.4 486.11 416.66
 300 400 518.4 486.11 416.66
 300 400 518.4 486.11 416.66
 300 400 518.4 486.11 416.66
 300 400 518.4 486.11 416.66
 300 400 518.4 486.11 416.66
 300 400 518.4 486.11 416.66
 300 400 518.4 486.11 416.66
 300 400 518.4 486.11 416.66
 300 400 518.4 486.11 416.66
 300 400 518.4 486.11 416.66
 300 400 518.4 486.11 416.66
 300 400 518.4 486.11 416.66
 300 400 518.4 486.11 416.66


