# Created by Octave 3.8.0, Tue Mar 04 14:51:39 2014 CST <sleepwalking@sleepwalking-Latitude-E6230>
# name: EpR_N
# type: matrix
# rows: 1
# columns: 49
 5 5 5 5 5 5 5 5 5 5 5 5 5 5 5 5 5 5 5 5 5 5 5 5 5 5 5 5 5 5 5 5 5 5 5 5 5 5 5 5 5 5 5 5 5 5 5 5 5


# name: EpR_Freq
# type: matrix
# rows: 49
# columns: 5
 150 807.3018742292971 1051.673169993771 3527.380448414236 4427.793558073311
 150 764.3925294915189 966.6026979325677 3504.037376009528 4417.119101055356
 150 759.734642976445 937.7050419276953 3463.587951760453 4450.352009690723
 150 748.469829863938 907.0501841264196 3414.023118691674 4424.888610508007
 150 752.7667293743586 899.4949599602539 3410.86373946857 4507.755664030476
 150 742.5561106697726 881.452209863139 3481.670239933144 4435.704344831183
 150 750.1498672715929 881.8505068249019 3489.676112189869 4383.852429644843
 150 745.1733704253729 870.9512860312556 3506.079412192928 4374.744601196018
 150 750.1210451808214 872.0826275639255 3648.775542684981 4304.371425767309
 150 750.1009766414504 871.5926304205335 3596.838066693397 4293.582139703469
 150 753.788514558893 873.2546266542461 3495.860378015656 4327.637794402647
 150 756.2631472078011 874.1097553921325 3420.81113733352 4338.091303364453
 150 771.0776184603752 886.9473289880927 3304.587988482119 4384.201631857009
 150 780.7824392515232 898.5664018230677 3340.615270962398 4463.938365138983
 150 781.302771868724 895.1505705390216 3388.243390419642 4459.303564954637
 150 788.1762486285959 900.0338719434786 3436.11295813379 4498.029740429954
 150 779.5356116619448 889.3519493473084 3496.942885460019 4510.557953587828
 150 778.5695682307457 887.7752857717275 3717.551222106842 4335.17856441403
 150 780.289029374784 889.4679457377288 3842.140998049477 4298.773609102429
 150 781.6057013282925 890.050737405694 3788.971235842362 4317.101383617165
 150 775.4673274500331 883.8261454268003 3773.983936154599 4407.468676645982
 150 778.8785331749974 886.4707995589072 3594.792151856531 4507.821786619997
 150 771.1909159601179 877.606004957688 3601.558990002557 4475.036969888739
 150 756.5839857177177 864.2939604608428 3456.695599683474 4440.25841474184
 150 755.6542828682603 864.6291527702632 3358.570801892673 4510.832982203758
 150 758.0212063969738 867.7783854980215 3414.152015693848 4415.681805165909
 150 758.8623441937823 868.8671527850818 3362.559192991464 4409.13272364802
 150 755.2409489906872 866.5848306671131 3338.738398294308 4464.095232421078
 150 751.2156102052851 862.1571171463304 3522.671695856965 4323.04965698519
 150 752.6552038090103 864.689571312855 3625.508509745411 4320.171820172181
 150 750.7816508099369 862.5670658007255 3576.564860474758 4391.780708426406
 150 750.4693614964102 862.3257385051918 3520.28206994526 4455.243827312285
 150 751.9376513524744 864.4753148721767 3513.30165713773 4507.789012371207
 150 750.3463640443654 862.9126832594968 3573.175131041859 4456.850450461588
 150 752.3696220037524 864.6836117162563 3621.449715914365 4416.99752942334
 150 756.6372755572086 869.9030045788877 3535.784913326525 4487.589841672872
 150 761.1147560296807 873.6803540134113 3542.644115607203 4525.156624083184
 150 766.5903874397732 877.7524991254186 3554.936377189635 4523.156379978489
 150 759.9062228888705 870.2510553978569 3546.668999936866 4584.403996374561
 150 755.1454235744549 864.8802751093486 3674.506477765618 4463.556041287991
 150 759.0144294655911 867.4926672165753 3764.867328808262 4451.909069129298
 150 765.0952159993653 869.5433049256576 3702.948110832419 4456.55259881347
 150 771.5140869292734 871.459896152604 3665.911188527998 4506.228714263766
 150 772.4818049897135 870.0495714719649 3660.146182500842 4505.021009410826
 150 764.7605800444173 861.7695151901635 3576.326164776899 4565.202304837087
 150 763.7239353484085 858.6471783875879 3626.888075347636 4477.460060987501
 150 765.6680493004878 859.0657216487518 3590.85032633059 4501.813759807115
 150 766.0686595960054 858.5108643740471 3680.771680231361 4455.87896166283
 150 754.9819950304495 848.0949394206597 3680.779405953822 4443.676910185724


# name: EpR_BandWidth
# type: matrix
# rows: 49
# columns: 5
 300 480 300 700 347.22
 300 480 300 700 347.22
 300 480 300 700 347.22
 300 480 300 700 347.22
 300 480 300 700 347.22
 300 480 300 700 347.22
 300 480 300 700 347.22
 300 480 300 700 347.22
 300 480 300 700 347.22
 300 480 300 700 347.22
 300 480 300 700 347.22
 300 480 300 700 347.22
 300 480 300 700 347.22
 300 480 300 700 347.22
 300 480 300 700 347.22
 300 480 300 700 347.22
 300 480 300 700 347.22
 300 480 300 700 347.22
 300 480 300 700 347.22
 300 480 300 700 347.22
 300 480 300 700 347.22
 300 480 300 700 347.22
 300 480 300 700 347.22
 300 480 300 700 347.22
 300 480 300 700 347.22
 300 480 300 700 347.22
 300 480 300 700 347.22
 300 480 300 700 347.22
 300 480 300 700 347.22
 300 480 300 700 347.22
 300 480 300 700 347.22
 300 480 300 700 347.22
 300 480 300 700 347.22
 300 480 300 700 347.22
 300 480 300 700 347.22
 300 480 300 700 347.22
 300 480 300 700 347.22
 300 480 300 700 347.22
 300 480 300 700 347.22
 300 480 300 700 347.22
 300 480 300 700 347.22
 300 480 300 700 347.22
 300 480 300 700 347.22
 300 480 300 700 347.22
 300 480 300 700 347.22
 300 480 300 700 347.22
 300 480 300 700 347.22
 300 480 300 700 347.22
 300 480 300 700 347.22


