# Created by Octave 3.8.0, Tue Mar 04 09:12:17 2014 CST <sleepwalking@sleepwalking-Latitude-E6230>
# name: EpR_N
# type: matrix
# rows: 1
# columns: 49
 5 5 5 5 5 5 5 5 5 5 5 5 5 5 5 5 5 5 5 5 5 5 5 5 5 5 5 5 5 5 5 5 5 5 5 5 5 5 5 5 5 5 5 5 5 5 5 5 5


# name: EpR_Freq
# type: matrix
# rows: 49
# columns: 5
 150 757.0298479023703 1021.94887337611 3515.717364447768 4310.727892510061
 150 709.5437643503458 947.8109551907773 3537.948280464839 4417.144521481548
 150 703.7436093067737 922.8917175454767 3536.007704864595 4476.754972449421
 150 698.5723052176095 901.3272846623329 3494.869893854954 4490.478861572939
 150 705.9034805353793 897.9618376452718 3491.141307808513 4559.822738794307
 150 702.0198651084343 885.5659110930434 3182.491962340816 4346.035418063003
 150 709.5814748841087 888.1705976980621 3279.240123164071 4377.129335445569
 150 708.8507049028009 881.310228895802 3476.18637944035 4931.819364736922
 150 713.8189470931355 882.2261723180187 3704.590504812164 4251.347054080084
 150 717.8613777068201 1046.386666387399 3160.023536988933 4216.039528527142
 150 717.8613777068201 1046.386666387399 3191.260541651569 4204.805315851212
 150 717.8613777068201 1046.386666387399 3241.625908744104 4345.728759359453
 150 717.8613777068201 1046.386666387399 3275.680009876429 4412.429926777507
 150 717.8613777068201 1046.386666387399 3316.976956383145 4512.752033487682
 150 717.8613777068201 1046.386666387399 3371.785929375411 4275.420366957097
 150 717.8613777068201 1046.386666387399 3398.20316265485 4396.050798593446
 150 717.8613777068201 1046.386666387399 3452.033011943366 4262.581266756037
 150 717.8613777068201 1046.386666387399 3553.071306853436 4227.273741203072
 150 717.8613777068201 1046.386666387399 3619.825334479986 4313.334713090614
 150 717.8613777068201 1046.386666387399 3684.405538761026 4359.965113069239
 150 717.8613777068201 1046.386666387399 3535.567217870305 4379.738056090816
 150 717.8613777068201 1046.386666387399 3523.235271344538 4523.915346683837
 150 717.8613777068201 1046.386666387399 3616.969069457235 4497.489143695386
 150 717.8613777068201 1046.386666387399 3545.64929756092 4452.004054115036
 150 717.8613777068201 1046.386666387399 3413.369163150165 4538.221327931491
 150 717.8613777068201 1046.386666387399 3443.086646654009 4216.039528527142
 150 717.8613777068201 1046.386666387399 3375.036472210804 4389.560107765572
 150 717.8613777068201 1046.386666387399 3353.663923255921 4473.479207329939
 150 717.8613777068201 1046.386666387399 3549.27716796172 4330.131323544328
 150 717.8613777068201 1046.386666387399 3663.786342590989 4332.472773378932
 150 717.8613777068201 1046.386666387399 3643.660081923276 4424.423833787808
 150 717.8613777068201 1046.386666387399 3588.071404659926 4496.296174905468
 150 717.8613777068201 1046.386666387399 3579.07040027043 4538.830172852567
 150 717.8613777068201 1046.386666387399 3658.698183814804 4470.791750176172
 150 717.8613777068201 1046.386666387399 3715.504758656797 4426.823401696895
 150 717.8613777068201 1046.386666387399 3631.123512156175 4508.15579387037
 150 717.8613777068201 1046.386666387399 3608.627004641402 4556.530629293245
 150 717.8613777068201 1046.386666387399 3624.825020066274 4549.782768036806
 150 717.8613777068201 1046.386666387399 3593.036272993165 4618.376673807159
 150 717.8613777068201 1046.386666387399 3476.18637944035 4379.738056090816
 150 717.8613777068201 1046.386666387399 3590.715102302233 4437.49366087862
 150 717.8613777068201 1046.386666387399 3646.489712124935 4482.472967488176
 150 717.8613777068201 1046.386666387399 3671.270799822063 4561.195477821931
 150 717.8613777068201 1046.386666387399 3695.442706227709 4580.449076924714
 150 717.8613777068201 1046.386666387399 3639.696020932527 4639.776066828794
 150 717.8613777068201 1046.386666387399 3147.184436787873 4561.757225880157
 150 717.8613777068201 1046.386666387399 3312.056809931593 4526.922128084649
 150 717.8613777068201 1046.386666387399 3479.914849922638 4453.842646829076
 150 717.8613777068201 1046.386666387399 3562.606273196711 4445.18810899726


# name: EpR_BandWidth
# type: matrix
# rows: 49
# columns: 5
 300 480 300 700 347.22
 300 480 300 700 347.22
 300 480 300 700 347.22
 300 480 300 700 347.22
 300 480 300 700 347.22
 300 480 300 700 347.22
 300 480 300 700 347.22
 300 480 300 840 347.22
 300 480 300 840 347.22
 300 480 300 700 347.22
 300 480 300 700 347.22
 300 480 300 700 347.22
 300 480 300 700 347.22
 300 480 300 700 347.22
 300 480 300 700 347.22
 300 480 300 700 347.22
 300 480 300 700 347.22
 300 480 300 700 347.22
 300 480 300 700 347.22
 300 480 300 700 347.22
 300 480 300 486.1111111111111 347.22
 300 480 300 486.1111111111111 347.22
 300 480 300 486.1111111111111 347.22
 300 480 300 486.1111111111111 347.22
 300 480 300 486.1111111111111 347.22
 300 480 300 486.1111111111111 347.22
 300 480 300 486.1111111111111 347.22
 300 480 300 486.1111111111111 347.22
 300 480 300 486.1111111111111 347.22
 300 480 300 486.1111111111111 347.22
 300 480 300 486.1111111111111 347.22
 300 480 300 486.1111111111111 347.22
 300 480 300 486.1111111111111 347.22
 300 480 300 486.1111111111111 347.22
 300 480 300 486.1111111111111 347.22
 300 480 300 486.1111111111111 347.22
 300 480 300 486.1111111111111 347.22
 300 480 300 486.1111111111111 347.22
 300 480 300 486.1111111111111 347.22
 300 480 300 486.1111111111111 416.664
 300 480 300 486.1111111111111 416.664
 300 480 300 486.1111111111111 416.664
 300 480 300 486.1111111111111 416.664
 300 480 300 486.1111111111111 416.664
 300 480 300 486.1111111111111 416.664
 300 480 300 486.1111111111111 416.664
 300 480 300 486.1111111111111 416.664
 300 480 300 486.1111111111111 416.664
 300 480 300 486.1111111111111 416.664


