# Created by Octave 3.8.0, Sat Mar 22 21:31:42 2014 CST <sleepwalking@sleepwalking-Latitude-E6230>
# name: EpR_N
# type: matrix
# rows: 1
# columns: 49
 5 5 5 5 5 5 5 5 5 5 5 5 5 5 5 5 5 5 5 5 5 5 5 5 5 5 5 5 5 5 5 5 5 5 5 5 5 5 5 5 5 5 5 5 5 5 5 5 5


# name: EpR_Freq
# type: matrix
# rows: 49
# columns: 5
 150 583.6005985327893 1008.346002275136 3887.037585874665 4861.204313631036
 150 460.6109973076644 826.3519464471465 3864.654477715394 4737.3046875
 150 460.6109973076644 826.3519464471465 3872.796611200779 4657.552458044879
 150 460.6109973076644 826.3519464471465 3799.46137424705 4684.624307256958
 150 460.6109973076644 826.3519464471465 3807.625193196583 4640.462129353054
 150 460.6109973076644 826.3519464471465 3745.807483662873 4618.149737745865
 150 460.6109973076644 826.3519464471465 3746.46292127339 4639.894709888695
 150 460.6109973076644 826.3519464471465 3710.831481470331 4669.086908788276
 150 460.6109973076644 826.3519464471465 3754.280362749971 4620.860408616472
 150 460.6109973076644 826.3519464471465 3817.916612019259 4544.929915368087
 150 460.6109973076644 826.3519464471465 3814.749573258649 4503.381114188475
 150 460.6109973076644 826.3519464471465 3716.485525366988 4577.545650742637
 150 460.6109973076644 826.3519464471465 3667.492244699046 4627.205958420768
 150 460.6109973076644 826.3519464471465 3679.856230789326 4635.649086643091
 150 460.6109973076644 826.3519464471465 3749.458730965314 4605.003756455792
 150 460.6109973076644 826.3519464471465 3777.151241885753 4588.560054525124
 150 460.6109973076644 826.3519464471465 3710.273629170556 4659.071641530489
 150 460.6109973076644 826.3519464471465 3741.993647284441 4674.441911678845
 150 460.6109973076644 826.3519464471465 3758.080375509413 4643.333057966063
 150 460.6109973076644 826.3519464471465 3801.330082743536 4639.861462173304
 150 460.6109973076644 826.3519464471465 3813.075685214247 4661.014960959314
 150 460.6109973076644 826.3519464471465 3702.466392146653 4660.938795197609
 150 460.6109973076644 826.3519464471465 3664.770041923869 4652.540315878581
 150 460.6109973076644 826.3519464471465 3713.98540583099 4590.033520957709
 150 460.6109973076644 826.3519464471465 3711.351651816889 4562.573099695706
 150 460.6109973076644 826.3519464471465 3748.260661090963 4546.124351088112
 150 460.6109973076644 826.3519464471465 3667.28824505568 4543.957715285441
 150 460.6109973076644 826.3519464471465 3633.869984059871 4547.178593277806
 150 460.6109973076644 826.3519464471465 3682.633283544417 4531.890757469213
 150 460.6109973076644 826.3519464471465 3677.209390200225 4519.386085054727
 150 460.6109973076644 826.3519464471465 3711.883190904405 4518.436617024591
 150 460.6109973076644 826.3519464471465 3722.967357288251 4547.88751678785
 150 460.6109973076644 826.3519464471465 3644.717695359654 4601.13605130639
 150 460.6109973076644 826.3519464471465 3638.795169708449 4625.892655392941
 150 460.6109973076644 826.3519464471465 3666.228040076725 4634.362995237085
 150 460.6109973076644 826.3519464471465 3671.636970280868 4633.473486264535
 150 460.6109973076644 826.3519464471465 3736.805319462857 4586.294307081479
 150 460.6109973076644 826.3519464471465 3747.143809086113 4558.933409967553
 150 460.6109973076644 826.3519464471465 3791.653310629626 4512.076098200949
 150 460.6109973076644 826.3519464471465 3828.38753990141 4442.159053367672
 150 460.6109973076644 826.3519464471465 3859.584769861867 4436.952256865414
 150 460.6109973076644 826.3519464471465 3834.722233029905 4390.969451555453
 150 460.6109973076644 826.3519464471465 3855.87214069991 4336.977875052875
 150 460.6109973076644 826.3519464471465 3861.196859225711 4312.701466527491
 150 460.6109973076644 826.3519464471465 3844.189164004566 4318.261304411693
 150 460.6109973076644 826.3519464471465 3852.789498586667 4286.583872254426
 150 460.6109973076644 826.3519464471465 3880.254747542347 4282.550691642738
 150 460.6109973076644 826.3519464471465 3928.440424402982 4289.573820934388
 150 460.6109973076644 826.3519464471465 3980.911316814578 4310.113834962783


# name: EpR_BandWidth
# type: matrix
# rows: 49
# columns: 5
 300 480 300 700 347.22
 300 480 300 700 347.22
 300 480 300 700 347.22
 300 480 300 700 347.22
 300 480 300 700 347.22
 300 480 300 700 347.22
 300 480 300 700 347.22
 300 480 300 700 347.22
 300 480 300 700 347.22
 300 480 300 700 347.22
 300 480 300 700 347.22
 300 480 300 700 347.22
 300 480 300 700 347.22
 300 480 300 700 347.22
 300 480 300 700 347.22
 300 480 300 700 347.22
 300 480 300 700 347.22
 300 480 300 700 347.22
 300 480 300 700 347.22
 300 480 300 700 347.22
 300 480 300 700 347.22
 300 480 300 700 347.22
 300 480 300 700 347.22
 300 480 300 700 347.22
 300 480 300 700 347.22
 300 480 300 700 347.22
 300 480 300 700 347.22
 300 480 300 700 347.22
 300 480 300 700 347.22
 300 480 300 700 347.22
 300 480 300 700 347.22
 300 480 300 700 347.22
 300 480 300 700 347.22
 300 480 300 700 347.22
 300 480 300 700 347.22
 300 480 300 700 347.22
 300 480 300 700 347.22
 300 480 300 700 347.22
 300 480 300 700 347.22
 300 480 300 700 347.22
 300 480 300 700 347.22
 300 480 300 700 347.22
 300 480 300 700 347.22
 300 480 300 700 347.22
 300 480 300 700 347.22
 300 480 300 700 347.22
 300 480 300 700 347.22
 300 480 300 700 347.22
 300 480 300 700 347.22


